(0.023337569285064946,[-1.0,1.0,-1.0],Some(FeatureCut(155,-0.7359169400337975)))
(0.023545383202282714,[-1.0,-1.0,-1.0],Some(FeatureCut(197,0.8886367057230896)))
(0.020010765518535433,[-1.0,1.0,-1.0],Some(FeatureCut(431,-0.530353525524233)))
(0.019704766176124364,[-1.0,-1.0,1.0],Some(FeatureCut(993,-0.5005159036138773)))
(0.02031156016022995,[-1.0,1.0,-1.0],Some(FeatureCut(971,0.7306684598681119)))
(0.020494927729698183,[1.0,-1.0,1.0],Some(FeatureCut(29,0.7633108549635287)))
(0.022998553507431886,[1.0,1.0,-1.0],Some(FeatureCut(924,0.6687455267621174)))
(0.023848966828293478,[-1.0,1.0,1.0],Some(FeatureCut(870,1.2762271042679803)))
(0.020723846272936143,[-1.0,-1.0,-1.0],Some(FeatureCut(902,0.6272744421694466)))
(0.02325570017630919,[-1.0,-1.0,1.0],Some(FeatureCut(514,-1.1096972509780236)))
(0.019900946979665733,[1.0,-1.0,1.0],Some(FeatureCut(699,0.532758922517384)))
(0.02416047087156478,[-1.0,-1.0,1.0],Some(FeatureCut(480,0.0941077429150197)))
(0.020885340174495566,[-1.0,-1.0,-1.0],Some(FeatureCut(980,0.7976810571278036)))
(0.024748775813014903,[1.0,1.0,-1.0],Some(FeatureCut(943,-0.20152208091761215)))
(0.021976722485072857,[-1.0,-1.0,-1.0],Some(FeatureCut(584,-0.3244275080660866)))
(0.020143361823618776,[-1.0,-1.0,-1.0],Some(FeatureCut(512,0.24420049451232567)))
(0.02360901876820336,[-1.0,1.0,-1.0],Some(FeatureCut(360,2.4013872511119265)))
(0.02123640722765516,[1.0,1.0,1.0],Some(FeatureCut(617,-2.2203301431407994)))
(0.0205810389083828,[-1.0,-1.0,1.0],Some(FeatureCut(605,-0.6665211378587416)))
(0.02423454268708354,[1.0,1.0,1.0],Some(FeatureCut(788,1.0553687642196365)))
(0.023894222394983095,[-1.0,-1.0,1.0],Some(FeatureCut(251,-0.8240216646032411)))
(0.030647804270545052,[1.0,1.0,1.0],Some(FeatureCut(593,2.4768311890775636)))
(0.020037954239435635,[-1.0,-1.0,1.0],Some(FeatureCut(750,0.896294483315218)))
(0.02045024056824003,[1.0,1.0,-1.0],Some(FeatureCut(737,0.317432422486285)))
(0.02482918643584308,[1.0,1.0,-1.0],Some(FeatureCut(611,-1.31075927434039)))
(0.02389926659610926,[-1.0,-1.0,-1.0],Some(FeatureCut(83,2.126693698049608)))
(0.02186409193384096,[-1.0,-1.0,1.0],Some(FeatureCut(241,1.25295529826949)))
(0.01633710992253772,[1.0,1.0,-1.0],Some(FeatureCut(872,-0.6720752164066507)))
(0.0239557238913289,[-1.0,1.0,-1.0],Some(FeatureCut(870,1.2762271042679803)))
(0.01989812527302372,[-1.0,1.0,1.0],Some(FeatureCut(312,1.4164502430204322)))
